,French,Italian,Portuguese,Romanian,Spanish,Latin
French,0.0,0.5582539682539682,0.4494160997732427,0.44768707482993186,0.5222619047619048,0.6339342403628121
Italian,0.5582539682539682,0.0,0.4628911564625851,0.3721712018140589,0.3750736961451247,0.4351133786848072
Portuguese,0.4494160997732427,0.4628911564625851,0.0,0.4610487528344672,0.3487755102040815,0.6405215419501132
Romanian,0.44768707482993186,0.3721712018140589,0.4610487528344672,0.0,0.42724489795918374,0.5059637188208618
Spanish,0.5222619047619048,0.3750736961451247,0.3487755102040815,0.42724489795918374,0.0,0.5698356009070296
Latin,0.6339342403628121,0.4351133786848072,0.6405215419501132,0.5059637188208618,0.5698356009070296,0.0
