,French,Italian,Portuguese,Romanian,Spanish,Latin
French,0.0,0.44871638007054676,0.3991870590828924,0.46719455467372123,0.42845194003527354,0.5634216269841268
Italian,0.44871638007054676,0.0,0.3229270282186949,0.3702588183421516,0.28810416666666655,0.4426035052910053
Portuguese,0.3991870590828924,0.3229270282186949,0.0,0.4132707231040567,0.2208185626102293,0.48383939594356284
Romanian,0.46719455467372123,0.3702588183421516,0.4132707231040567,0.0,0.40626829805996484,0.5070819003527339
Spanish,0.42845194003527354,0.28810416666666655,0.2208185626102293,0.40626829805996484,0.0,0.44802447089947095
Latin,0.5634216269841268,0.4426035052910053,0.48383939594356284,0.5070819003527339,0.44802447089947095,0.0
